0.26966918
1.4181813
0.72231495
17.221346
0.4457997
10.047148
1.0144027
0.27866268
3.0792458
0.24064815
5.866533
5.252323
4.471693
3.3589306
3.5496445
0.81040204
3.498773
1.0779753
29.920815
1.279554
0.26734817
1.8462087
2.1804237
41.075874
29.65642
0.48132575
1.1451678
0.44995284
34.362774
1.7900223
0.39381802
3.6131892
30.049839
8.584717
1.1520379
0.951265
30.081392
0.91691935
0.28661275
39.006287
0.41677868
0.26319528
1.7503176
3.5686955
3.201322
0.23417342
10.056623
0.25628984
0.4437362
6.118441
-0.35369098
1.7263166
-0.59185827
1.1730928
0.6157124
